cd C:\Users\Rashid\Documents\NetBeansProjects\mavenproject1; "JAVA_HOME=C:\\Program Files\\Java\\jdk-15.0.2" cmd /c "\"C:\\Program Files\\NetBeans-12.0\\netbeans\\java\\maven\\bin\\mvn.cmd\" -Dexec.args=\"-classpath %classpath newpackage.linkedlist_arr\" -Dexec.executable=\"C:\\Program Files\\Java\\jdk-15.0.2\\bin\\java.exe\" -Dexec.classpathScope=runtime -Dmaven.ext.class.path=\"C:\\Program Files\\NetBeans-12.0\\netbeans\\java\\maven-nblib\\netbeans-eventspy.jar\" -Dfile.encoding=UTF-8 process-classes org.codehaus.mojo:exec-maven-plugin:1.5.0:exec"
Scanning for projects...

--------------------< com.mycompany:mavenproject1 >---------------------
Building mavenproject1 1.0-SNAPSHOT
--------------------------------[ jar ]---------------------------------

--- maven-resources-plugin:2.6:resources (default-resources) @ mavenproject1 ---
Using 'UTF-8' encoding to copy filtered resources.
skip non existing resourceDirectory C:\Users\Rashid\Documents\NetBeansProjects\mavenproject1\src\main\resources

--- maven-compiler-plugin:3.1:compile (default-compile) @ mavenproject1 ---
Changes detected - recompiling the module!
Compiling 12 source files to C:\Users\Rashid\Documents\NetBeansProjects\mavenproject1\target\classes
/C:/Users/Rashid/Documents/NetBeansProjects/mavenproject1/src/main/java/doubly_ll.java: Some input files use unchecked or unsafe operations.
/C:/Users/Rashid/Documents/NetBeansProjects/mavenproject1/src/main/java/doubly_ll.java: Recompile with -Xlint:unchecked for details.

--- exec-maven-plugin:1.5.0:exec (default-cli) @ mavenproject1 ---
317500
3800
1200
1300
800
800
800
700
700
1000
1300
900
800
800
700
800
800
800
700
700
800
800
800
700
800
800
700
800
700
800
800
800
900
800
900
700
700
800
700
700
900
700
800
900
800
700
800
700
900
700
800
1000
1000
800
900
700
600
900
800
800
800
700
800
800
1000
800
700
700
700
800
700
800
700
700
700
700
700
800
700
700
700
600
700
700
700
800
900
800
900
800
800
700
700
800
800
800
800
700
700
800
800
700
700
800
1000
800
800
900
1100
900
700
700
800
800
700
700
800
700
800
900
900
900
2600
1200
800
800
800
1500
1000
1000
900
900
900
700
800
800
800
700
700
800
700
700
700
700
800
700
800
800
800
900
900
800
600
800
600
600
600
600
600
700
800
900
800
700
700
900
700
600
700
700
900
700
700
800
800
900
700
700
700
600
700
600
700
700
600
600
700
600
800
900
1800
1000
1000
800
700
600
600
700
600
600
600
600
600
600
500
600
500
500
600
500
600
600
600
500
500
600
600
500
600
600
600
600
500
600
600
500
500
600
500
500
500
500
400
400
500
400
500
500
500
500
400
500
700
500
600
400
400
400
600
1100
900
800
600
600
700
4100
1200
1100
800
700
900
800
700
600
600
600
500
500
400
500
400
600
500
500
400
600
700
500
4800
600
500
500
400
400
400
400
400
400
3600
400
400
400
300
400
400
300
400
400
300
400
300
400
400
400
400
400
300
400
400
400
400
400
400
400
400
400
400
400
400
400
400
400
400
300
400
300
400
300
500
600
600
800
500
400
400
400
400
400
400
400
400
400
500
500
600
500
500
400
400
400
400
300
400
400
300
400
300
400
400
400
300
400
400
400
300
400
300
300
400
400
400
300
400
600
500
2800
600
500
500
400
400
300
600
2700
800
2100
700
500
400
400
400
400
400
300
300
300
200
300
300
300
300
300
300
300
500
700
500
400
400
300
300
300
300
300
300
400
300
300
300
300
300
300
300
200
200
300
300
400
700
300
300
400
300
300
200
300
300
300
300
300
300
200
300
300
300
300
300
300
200
300
500
400
400
400
400
400
300
300
300
300
300
300
300
300
300
500
300
300
300
300
300
200
200
200
300
300
300
200
300
300
200
300
400
500
300
300
300
500
300
300
300
300
400
300
200
200
300
600
600
400
400
300
300
300
400
300
300
300
300
200
1000
4600
900
700
600
500
500
400
300
300
300
400
400
400
400
400
400
400
400
400
400
400
400
400
400
400
400
300
300
300
500
400
300
300
400
300
300
300
200
300
200
300
300
300
300
400
600
400
400
400
300
300
300
300
300
400
300
300
300
300
300
300
200
300
300
300
200
300
300
300
300
200
300
300
300
300
400
300
300
300
300
300
300
300
400
300
300
300
300
200
300
300
200
200
400
400
300
200
300
300
300
300
300
400
300
300
300
300
300
400
400
200
300
300
300
400
400
400
300
300
300
400
800
300
300
300
300
300
300
900
500
300
300
300
300
300
300
300
200
300
200
500
300
300
200
300
300
300
300
300
300
300
300
300
300
300
300
300
200
300
300
300
300
300
300
300
300
300
300
300
300
200
300
300
300
300
300
300
300
300
300
300
300
300
300
300
300
300
300
200
300
300
300
300
300
300
300
300
300
300
300
300
300
300
300
300
300
300
200
300
200
200
200
400
300
300
200
300
300
300
300
400
300
400
700
300
300
300
300
200
300
200
200
200
300
200
300
200
200
300
200
200
200
300
200
200
200
600
300
200
200
300
400
200
200
200
200
500
400
300
200
300
300
200
300
300
300
200
300
200
200
200
400
200
300
200
300
300
300
200
300
200
300
200
300
200
300
300
300
300
200
300
200
200
300
400
300
200
300
300
400
300
300
300
300
400
200
300
300
300
300
200
200
200
200
200
300
200
300
300
200
200
400
300
300
200
200
200
300
200
200
300
300
200
300
200
300
300
200
200
300
200
200
300
200
200
200
200
300
200
200
300
300
200
1000
3700
200
100
200
200
200
200
200
200
200
100
100
200
200
200
100
200
200
200
200
200
200
200
200
200
200
100
200
200
200
700
300
200
200
200
200
100
200
100
200
200
200
200
100
200
200
200
100
200
100
100
200
200
200
200
200
200
300
100
100
200
100
100
100
100
100
100
100
100
100
100
100
100
100
100
100
200
100
100
1000
200
100
100
100
100
100
100
100
100
100
100
100
100
100
100
100
100
100
100
100
100
100
100
100
100
100
100
100
100
200
100
100
100
100
200
100
100
100
100
100
100
200
100
100
100
200
200
100
100
100
100
100
100
200
100
100
100
100
100
100
100
100
100
100
100
100
100
100
200
100
200
100
200
100
100
100
100
100
100
200
100
100
100
100
100
100
100
100
100
100
100
100
100
100
100
100
100
200
100
100
100
100
100
100
100
100
100
200
100
100
100
100
100
100
100
100
100
100
100
100
100
200
100
100
100
100
100
100
100
100
100
200
100
100
100
100
100
100
100
100
200
100
100
100
100
100
100
100
100
100
100
100
100
100
100
100
100
100
100
100
100
100
100
100
100
100
100
100
100
100
100
100
100
100
100
100
100
100
100
100
100
100
2300
600
300
200
100
100
100
200
100
100
100
100
200
200
200
200
200
100
200
100
200
200
100
200
200
300
200
300
100
200
200
200
200
200
200
200
400
300
200
300
300
500
200
300
200
300
200
200
200
200
300
200
200
200
200
200
200
200
200
200
200
200
300
200
200
200
200
200
200
200
300
300
200
300
200
300
300
300
200
200
400
300
300
200
300
200
200
200
200
200
200
300
300
100
200
200
200
200
300
200
200
200
300
300
200
200
200
200
300
200
200
200
200
300
300
200
200
200
300
200
300
400
300
300
300
200
200
200
300
1300
300
200
200
300
200
200
200
200
200
200
200
300
200
200
300
300
200
300
300
200
200
200
200
900
300
200
400
200
200
500
300
200
200
200
200
200
200
300
200
300
200
200
300
200
200
200
200
200
200
200
200
300
300
300
300
200
100
300
300
300
300
300
200
500
400
200
300
800
400
300
300
300
300
300
300
200
200
200
200
200
200
200
200
100
100
200
100
200
100
200
100
200
200
100
100
200
200
100
100
100
100
200
100
200
200
200
200
200
200
200
100
100
200
100
200
200
300
7300
400
300
200
200
300
300
300
300
300
300
300
300
200
300
200
300
300
300
300
200
400
300
300
300
300
400
300
300
300
300
300
300
400
300
300
300
2400
800
500
300
300
400
300
20900
6700
400
300
300
400
300
300
300
300
300
300
200
300
300
300
300
300
200
300
300
300
300
300
200
300
300
300
300
300
300
300
300
300
400
200
300
300
300
300
200
200
300
300
200
300
300
200
300
200
200
200
200
200
200
200
200
200
200
200
300
200
200
200
200
200
200
200
200
200
200
300
200
200
200
200
200
200
200
200
200
200
200
200
200
200
200
200
200
300
200
200
200
300
200
100
200
200
200
300
200
200
300
200
300
200
200
200
200
300
200
300
200
200
200
200
200
1000
300
200
300
200
200
200
200
200
200
200
200
300
200
200
200
200
200
300
300
200
300
200
200
200
200
200
300
200
200
300
200
200
200
200
200
200
200
200
300
200
200
200
200
200
200
200
200
300
200
300
300
300
200
200
200
300
200
200
300
200
200
200
200
200
200
200
200
300
200
200
200
200
200
200
200
200
200
300
200
200
200
200
300
200
200
200
200
200
200
200
300
200
200
200
200
200
200
200
300
200
200
200
200
200
200
200
200
200
200
200
200
200
200
200
200
200
200
300
300
200
300
200
200
200
200
200
200
300
200
300
200
200
300
200
200
200
200
200
200
200
200
200
200
200
200
200
300
200
300
300
200
200
200
200
600
100
300
200
200
200
200
200
200
200
200
200
200
200
200
200
200
200
200
100
200
200
200
200
300
300
300
200
400
200
200
200
100
200
200
200
200
300
200
200
200
200
200
300
200
200
300
200
200
300
200
200
200
200
200
200
200
300
200
200
300
200
200
200
300
200
200
300
200
200
200
200
200
200
200
200
200
200
200
200
300
200
400
200
200
200
100
200
300
200
200
300
200
400
400
200
400
300
200
200
200
200
400
300
200
300
200
200
200
200
200
200
200
200
300
200
300
200
200
200
300
200
200
200
200
200
300
200
300
200
200
200
200
200
200
700
200
200
600
400
300
500
200
200
200
200
200
200
200
300
200
200
200
300
200
200
200
200
200
200
300
200
200
200
200
200
200
200
200
200
200
200
200
200
200
300
300
200
300
200
200
200
200
200
200
200
200
200
200
200
200
200
200
200
200
200
200
200
200
200
200
200
200
200
200
200
200
200
200
200
200
200
200
200
200
200
200
200
200
200
200
200
200
200
200
300
200
200
200
200
200
200
200
200
200
200
300
200
200
200
200
200
200
200
200
200
200
200
200
200
200
200
300
200
200
200
200
200
300
300
300
200
200
300
200
200
300
200
300
200
200
300
200
200
300
300
200
200
300
300
200
300
200
200
300
200
200
200
200
200
300
200
200
200
200
200
300
200
300
200
300
200
200
200
200
200
300
200
300
200
200
------------------------------------------------------------------------
BUILD SUCCESS
------------------------------------------------------------------------
Total time:  2.172 s
Finished at: 2022-12-02T21:42:20+05:30
------------------------------------------------------------------------
