cd C:\Users\Rashid\Documents\NetBeansProjects\mavenproject1; "JAVA_HOME=C:\\Program Files\\Java\\jdk-15.0.2" cmd /c "\"C:\\Program Files\\NetBeans-12.0\\netbeans\\java\\maven\\bin\\mvn.cmd\" -Dexec.args=\"-classpath %classpath newpackage.Array_rep_que\" -Dexec.executable=\"C:\\Program Files\\Java\\jdk-15.0.2\\bin\\java.exe\" -Dexec.classpathScope=runtime -Dmaven.ext.class.path=\"C:\\Program Files\\NetBeans-12.0\\netbeans\\java\\maven-nblib\\netbeans-eventspy.jar\" -Dfile.encoding=UTF-8 process-classes org.codehaus.mojo:exec-maven-plugin:1.5.0:exec"
Scanning for projects...

--------------------< com.mycompany:mavenproject1 >---------------------
Building mavenproject1 1.0-SNAPSHOT
--------------------------------[ jar ]---------------------------------

--- maven-resources-plugin:2.6:resources (default-resources) @ mavenproject1 ---
Using 'UTF-8' encoding to copy filtered resources.
skip non existing resourceDirectory C:\Users\Rashid\Documents\NetBeansProjects\mavenproject1\src\main\resources

--- maven-compiler-plugin:3.1:compile (default-compile) @ mavenproject1 ---
Changes detected - recompiling the module!
Compiling 9 source files to C:\Users\Rashid\Documents\NetBeansProjects\mavenproject1\target\classes
/C:/Users/Rashid/Documents/NetBeansProjects/mavenproject1/src/main/java/doubly_ll.java: Some input files use unchecked or unsafe operations.
/C:/Users/Rashid/Documents/NetBeansProjects/mavenproject1/src/main/java/doubly_ll.java: Recompile with -Xlint:unchecked for details.

--- exec-maven-plugin:1.5.0:exec (default-cli) @ mavenproject1 ---

Queue is Empty
8000
1800
1200
1300
1300
1200
1200
1200
1300
1300
1300
1200
1000
1100
1000
1100
1100
1100
1000
1000
1300
1900
1900
1900
1800
1500
1900
1900
2000
1800
1800
2200
1700
1400
1800
1700
1800
1700
1800
2000
1900
2100
1700
1800
1400
1200
2100
1500
1900
1700
2100
2000
2300
1400
1400
1600
1200
1800
1600
1700
3500
1700
2000
6500
1700
1800
1300
1900
1300
2400
1900
1900
2400
2700
2200
1900
1900
1800
2000
1800
2100
2000
2100
2100
15000
3300
5500
2200
1500
1400
1500
3800
1800
1900
1800
1300
1500
1800
1800
2000
1600
1600
1600
1600
1600
1400
1500
1000
1700
5300
17500
9000
3500
3200
1900
14800
4100
2300
1600
1900
1800
1800
2000
1600
1700
1600
7900
4400
4500
2000
2000
2100
2000
2500
2300
16200
2100
2300
1900
1600
1700
1800
1500
1700
1600
1500
1500
1300
1600
1700
1500
1700
1600
1500
1800
1800
1500
1500
1600
2100
1700
1600
1200
1200
1900
2200
1400
1500
1400
1500
1600
1300
1600
1400
1400
1300
1400
1500
1600
1600
1600
1700
1500
1600
1500
1700
1600
1300
1100
1300
4300
4600
2100
1800
1500
1500
1900
4000
2400
1500
1700
1700
1700
1500
1900
1800
3300
2400
2000
2800
4900
2000
1700
1400
1200
1200
1200
1200
1100
1000
1200
3400
9400
1900
1500
1400
1300
1400
1400
1200
1200
2000
2200
1500
1400
1400
1300
1500
1700
1600
1300
1400
1400
1300
1400
4400
2300
1600
1800
1300
2000
1900
1800
2200
1700
21800
2700
2200
1500
1500
1500
1500
1700
1600
1800
1800
1800
1900
1600
1800
1500
1400
1400
1400
1900
1500
1400
1500
1600
1600
1700
1800
1600
1600
1400
1400
1400
1600
1700
1600
1700
1800
2000
1900
1800
1900
1700
1500
1700
1400
1400
1400
1400
1500
1500
1400
1500
1700
1400
1400
1500
1500
1300
1500
1400
1400
1600
1800
1500
3700
1600
1500
1600
1900
1500
1400
1500
1400
1600
1500
1800
1500
1100
1200
1100
1100
1100
1000
1100
1300
1100
1000
1000
1300
1100
4400
2100
1300
1200
1400
1400
1100
900
4900
1300
2000
1500
1700
15600
1200
1200
1000
900
9300
1100
1000
900
800
900
2500
1100
1000
900
1000
14800
700
500
500
600
500
500
600
500
1200
500
500
400
500
400
400
400
500
500
500
500
400
500
400
600
400
400
500
400
500
500
600
500
400
400
400
500
400
500
500
500
400
500
400
400
400
400
500
400
500
400
600
600
500
500
500
500
500
500
400
500
600
500
400
500
600
500
400
500
400
400
500
600
500
500
500
400
500
400
400
400
500
400
1700
600
500
500
500
500
400
400
400
500
400
400
300
500
500
400
400
2300
700
500
400
500
500
400
300
300
500
400
300
300
400
500
400
400
300
400
400
400
300
400
400
300
300
400
400
300
300
300
300
300
400
400
400
300
4400
800
600
500
500
500
400
400
400
300
400
400
400
300
400
400
300
400
400
400
400
300
400
300
300
400
400
400
400
400
400
300
400
400
400
300
2800
500
300
300
400
300
400
400
400
300
400
400
400
300
400
400
300
300
400
300
400
300
400
300
400
400
400
400
400
300
400
300
400
400
300
300
400
400
400
400
400
300
300
300
400
400
300
300
300
400
400
300
400
300
400
400
400
300
400
400
300
400
300
400
400
400
300
300
400
300
400
300
400
300
300
400
400
600
400
400
300
300
400
400
400
400
400
300
400
300
300
400
1100
500
300
400
300
400
400
400
300
400
300
400
400
400
300
400
400
400
400
500
400
400
400
400
400
400
300
300
300
400
400
400
400
300
300
300
400
400
400
300
400
300
300
400
500
400
300
500
1500
700
500
500
400
400
300
400
500
400
300
400
400
400
400
500
1800
700
500
500
1300
500
400
400
400
300
300
300
300
300
300
400
400
300
300
400
300
400
400
300
300
400
300
300
400
300
400
300
400
300
400
400
400
300
400
300
300
400
400
300
300
400
300
400
300
400
400
400
600
400
400
400
400
400
300
400
300
300
300
8600
1900
700
400
500
400
300
400
400
400
400
300
400
400
400
400
400
400
400
400
300
400
400
400
300
300
400
400
400
400
400
400
300
300
400
400
400
300
400
400
400
300
400
400
400
19600
400
400
300
400
400
400
400
400
400
400
400
500
400
400
500
400
500
400
400
400
300
400
400
400
300
400
400
300
400
400
400
300
400
400
500
400
300
300
400
500
900
300
400
400
400
400
500
400
300
400
400
400
500
1400
1500
600
800
800
10200
1200
600
600
400
400
400
400
400
400
400
400
400
400
400
300
300
400
400
400
400
300
400
400
400
1200
500
400
500
400
400
300
300
1100
900
400
400
400
300
300
300
300
300
400
300
300
300
300
400
400
300
400
400
400
400
500
400
400
400
400
400
300
400
300
300
300
300
400
400
400
300
300
400
400
400
300
400
400
400
400
300
400
300
400
300
400
300
400
400
400
300
800
300
400
500
300
300
300
400
400
400
300
300
300
400
300
300
400
500
300
400
300
400
300
300
300
400
300
300
400
400
400
400
400
400
400
400
400
300
300
300
400
300
400
300
400
400
400
400
400
400
400
400
400
300
400
400
300
400
400
400
300
300
4300
500
400
400
400
400
400
400
500
400
400
400
400
600
400
500
400
500
400
500
500
400
400
400
500
400
300
400
400
400
400
400
400
500
500
400
500
500
400
400
400
400
400
500
500
400
400
400
400
400
500
400
500
500
500
400
400
500
400
400
400
400
500
500
400
400
400
400
900
800
500
400
400
400
400
400
400
400
400
400
300
300
400
400
400
400
700
400
400
500
400
400
400
500
400
400
500
400
400
400
700
400
500
400
400
500
400
500
400
2200
1000
500
400
500
400
400
400
400
500
500
400
400
400
400
400
500
400
400
1400
900
1300
600
400
500
400
300
400
23700
500
400
400
400
400
400
400
400
400
400
500
400
400
500
400
400
400
400
400
400
400
400
400
400
400
400
400
400
500
400
400
400
400
400
400
500
400
400
400
400
400
500
400
400
500
500
400
400
400
400
500
400
400
400
400
400
300
400
500
400
400
400
400
400
400
400
400
400
400
400
400
800
400
400
400
500
400
400
400
400
400
400
400
400
400
400
400
400
300
400
400
400
500
400
500
400
400
400
400
300
400
400
400
400
400
400
400
400
400
500
400
500
400
500
400
800
500
1400
2300
500
400
400
400
400
400
400
400
400
400
400
400
400
400
400
400
400
500
400
500
400
400
400
400
500
500
400
400
400
400
700
400
300
1400
600
400
400
400
500
400
700
400
400
500
400
400
1100
400
500
300
400
2800
9400
800
500
400
500
400
1200
500
300
300
400
400
300
500
300
400
400
400
400
400
400
300
400
300
400
400
400
400
300
400
400
400
400
400
400
400
400
400
400
400
400
300
400
400
400
300
400
400
400
400
400
400
400
400
400
400
300
400
400
300
300
400
400
300
400
300
400
400
300
400
500
300
300
300
300
1100
400
300
400
300
300
400
300
300
300
300
400
300
300
400
300
500
400
400
400
300
400
400
400
400
400
400
300
400
300
3000
3100
800
600
500
500
400
500
400
500
400
500
400
400
400
400
500
400
400
400
500
400
400
500
500
400
300
500
400
400
500
400
500
400
400
400
400
400
500
400
400
400
500
400
400
500
500
400
400
400
500
400
400
400
400
400
400
400
500
400
400
400
500
400
400
500
500
400
400
400
400
300
400
500
400
400
400
400
400
400
500
500
400
400
400
400
400
400
400
3600
500
400
500
400
400
400
400
500
1400
400
500
500
400
500
500
400
400
400
500
400
1800
700
400
600
500
400
500
500
400
500
400
400
500
500
400
500
400
500
400
500
400
400
400
400
400
400
400
500
400
500
400
500
500
400
400
400
500
500
400
500
400
400
400
400
500
500
400
500
400
400
400
400
400
400
400
600
500
500
400
600
300
400
400
300
400
400
400
400
400
400
400
400
400
400
400
400
400
400
400
400
500
400
500
400
300
400
400
400
400
400
400
400
400
400
400
800
400
400
300
400
300
300
400
300
400
300
300
300
300
400
300
300
300
300
300
300
400
300
300
400
400
400
300
300
400
300
400
300
400
300
400
400
400
300
300
300
400
300
400
300
300
1900
700
500
300
400
300
300
300
300
400
300
900
500
300
300
300
400
300
300
400
400
300
300
300
300
300
300
300
300
300
300
300
300
400
300
300
300
300
300
400
300
300
300
400
300
400
300
300
300
300
300
400
300
300
300
300
300
300
300
400
400
400
300
300
300
300
300
300
300
300
300
300
400
300
400
400
400
300
400
400
300
300
400
400
300
300
300
300
300
300
300
300
300
300
300
300
300
300
400
400
500
700
2000
3200
500
400
400
300
300
300
300
400
300
300
300
400
400
300
300
400
300
300
300
400
300
300
400
300
300
300
300
300
300
300
300
300
300
1500
500
300
400
300
300
400
300
600
400
400
300
300
300
300
300
400
300
300
400
300
400
400
300
300
300
300
300
300
400
300
300
400
500
400
400
300
300
300
400
400
300
400
400
400
300
300
300
300
400
300
300
400
300
300
400
300
400
400
300
400
300
400
300
300
400
300
300
300
300
300
300
300
300
400
400
300
300
300
400
300
400
400
300
400
300
300
400
400
400
300
300
300
400
300
400
300
300
300
400
400
400
300
400
400
400
400
300
300
300
400
300
1300
400
300
300
200
300
300
400
300
300
300
300
300
300
400
400
300
400
300
300
300
400
400
400
400
300
400
400
300
300
400
400
400
300
300
300
400
400
300
300
300
300
300
300
300
300
300
300
400
300
300
300
400
300
300
300
300
300
300
400
400
300
400

Queue is full
76000
------------------------------------------------------------------------
BUILD SUCCESS
------------------------------------------------------------------------
Total time:  2.427 s
Finished at: 2022-12-02T17:58:24+05:30
------------------------------------------------------------------------
