cd C:\Users\Rashid\Documents\NetBeansProjects\mavenproject1; "JAVA_HOME=C:\\Program Files\\Java\\jdk-15.0.2" cmd /c "\"C:\\Program Files\\NetBeans-12.0\\netbeans\\java\\maven\\bin\\mvn.cmd\" -Dexec.args=\"-classpath %classpath com.mycompany.mavenproject1.NewClass1\" -Dexec.executable=\"C:\\Program Files\\Java\\jdk-15.0.2\\bin\\java.exe\" -Dexec.classpathScope=runtime -Dmaven.ext.class.path=\"C:\\Program Files\\NetBeans-12.0\\netbeans\\java\\maven-nblib\\netbeans-eventspy.jar\" -Dfile.encoding=UTF-8 process-classes org.codehaus.mojo:exec-maven-plugin:1.5.0:exec"
Scanning for projects...

--------------------< com.mycompany:mavenproject1 >---------------------
Building mavenproject1 1.0-SNAPSHOT
--------------------------------[ jar ]---------------------------------

--- maven-resources-plugin:2.6:resources (default-resources) @ mavenproject1 ---
Using 'UTF-8' encoding to copy filtered resources.
skip non existing resourceDirectory C:\Users\Rashid\Documents\NetBeansProjects\mavenproject1\src\main\resources

--- maven-compiler-plugin:3.1:compile (default-compile) @ mavenproject1 ---
Changes detected - recompiling the module!
Compiling 13 source files to C:\Users\Rashid\Documents\NetBeansProjects\mavenproject1\target\classes
/C:/Users/Rashid/Documents/NetBeansProjects/mavenproject1/src/main/java/doubly_ll.java: Some input files use unchecked or unsafe operations.
/C:/Users/Rashid/Documents/NetBeansProjects/mavenproject1/src/main/java/doubly_ll.java: Recompile with -Xlint:unchecked for details.

--- exec-maven-plugin:1.5.0:exec (default-cli) @ mavenproject1 ---
27700
16200
3800
3300
2900
3400
2400
2800
2300
2300
2200
11800
2300
2900
2300
2500
2000
2200
2800
3100
2400
3100
2400
2800
28600
4100
4100
3600
4100
4000
3300
2900
3200
2600
2800
2300
2900
2500
2200
2400
2200
2500
2800
2600
3000
3200
4500
4300
4700
4300
7600
4000
3500
4300
3200
3400
3400
3500
4300
4100
3800
3600
4100
4800
4900
5000
5600
4300
4400
4700
3800
3500
3900
4800
3800
4400
4100
4600
4100
4900
3700
3900
3900
4200
3500
3300
2800
3000
2700
6900
3500
3200
4400
3700
4400
13100
4000
2800
2600
2800
3300
2700
6300
2500
2600
2800
2500
2300
2900
2800
2200
2100
2600
2800
2600
2800
2700
2500
3300
2400
7200
2600
2500
4900
2200
2200
5800
6900
3200
2700
2400
2400
2300
2700
2200
2800
2400
2100
2500
2600
2400
2400
2700
7000
3700
3900
4000
3000
3200
3400
3800
3500
5700
8000
4600
3500
3000
5100
3300
3200
4300
3300
3800
3800
3000
3100
2500
2800
2600
2600
2500
2800
2500
2900
3100
2600
2300
2000
2400
2000
2100
2000
1700
3000
1800
1700
1500
1600
1800
1600
5600
3000
2500
4000
2200
2300
2200
2000
1500
1500
2100
2000
1700
1800
2000
1900
1900
2300
1900
3400
2500
3900
1900
2200
1900
3000
3500
2900
4400
2600
5100
2800
2500
3200
3000
2800
2300
3800
2400
8100
2900
3600
2400
2300
2300
10000
2600
3800
3100
2000
2000
2100
2200
1900
1800
2700
18600
2600
3600
2700
3000
2800
3000
4300
3700
6500
4100
3700
2900
3000
3100
2800
1900
1900
1700
1800
2400
1900
1700
1800
1800
2100
2000
2600
2400
3100
3000
3800
2900
3600
4000
2900
2800
2400
2300
2400
2100
2500
2200
2700
2000
2900
2400
1900
2300
2200
1600
1600
1500
1700
1600
2300
1800
1900
1700
1700
1600
1800
1800
1600
1600
1600
1100
1300
1600
1600
1400
1500
1900
1600
1700
1600
1500
1300
2200
1800
2000
2200
1700
1600
1500
1400
1300
2100
2000
2100
2000
2100
1800
12800
2600
2600
2500
7800
3100
2500
2200
2700
1900
2200
1800
2000
2500
2800
1800
2200
2000
1900
1600
2200
2000
2200
2000
2700
1900
2300
1500
2500
2000
2000
1800
1900
1800
2100
6000
2500
2300
1900
2500
2300
2200
5800
3400
6200
4000
2400
1500
1200
1500
1300
1500
1700
1400
1700
1400
1700
1800
1800
1500
1800
2200
1900
1500
1600
1200
1500
1400
1500
1100
1300
1100
1200
1400
1300
1600
1600
1200
1100
1400
1300
1800
1100
1300
1900
1600
1500
3200
2400
1900
2000
2100
2300
6600
2500
1600
1600
1900
1600
1400
1800
1300
1800
1500
1300
1400
1300
2300
2200
1500
1700
1800
1700
1700
1400
2300
1900
1600
1600
900
1100
1000
800
900
1300
2000
800
800
1100
800
1100
900
1000
1000
800
1000
1000
900
900
1200
1200
800
1200
700
900
800
800
700
1000
900
900
800
1500
900
800
800
900
700
800
1000
900
900
1100
900
800
800
700
1100
1200
1000
900
6900
27400
3800
2600
8400
1900
1600
1200
7600
1300
700
900
1200
900
700
800
800
800
700
800
800
800
800
800
800
800
800
800
800
800
800
1200
900
800
700
800
800
900
800
1300
1300
1300
1300
1000
1000
1300
1000
1900
1100
1200
1500
10700
1000
37700
3000
2800
1700
1500
1600
1200
3900
12800
1000
1200
700
1000
800
1000
10200
1300
800
900
700
800
900
500
700
1000
800
700
600
1800
700
900
900
900
800
600
600
1000
700
8500
600
600
600
700
2300
4600
600
300
400
400
300
500
400
300
600
800
500
500
300
500
600
700
400
300
600
500
600
400
500
800
600
400
300
700
400
400
500
600
800
500
500
400
400
600
500
600
400
400
400
500
400
400
600
400
400
600
600
600
600
500
400
600
600
600
400
400
400
400
400
500
400
400
600
700
500
800
400
400
500
400
400
700
400
500
500
300
400
400
400
300
400
600
500
600
400
400
400
300
400
300
500
400
500
500
400
400
400
400
400
700
300
600
700
300
700
400
500
800
400
400
400
300
400
500
500
400
500
300
400
400
400
400
400
500
300
400
2500
500
500
300
400
600
600
400
400
400
500
500
300
500
300
500
400
400
400
300
400
500
400
500
400
400
400
400
400
300
800
500
400
22800
600
300
300
600
300
300
300
500
300
300
400
600
300
400
500
600
600
400
400
3500
500
500
300
500
400
400
400
500
300
700
400
600
500
500
400
400
500
400
400
400
400
300
400
500
500
400
300
300
500
300
300
400
300
400
500
300
600
400
400
600
400
500
400
500
500
500
500
500
400
500
400
400
400
500
400
600
400
600
400
500
400
500
400
600
400
400
400
500
400
400
300
600
300
400
400
500
400
600
2300
400
300
400
300
600
400
400
400
600
800
400
400
500
600
400
400
400
400
500
400
500
300
400
400
800
600
500
500
500
400
300
600
600
400
400
300
300
300
300
400
200
200
400
400
300
300
200
300
200
300
500
300
300
200
300
200
400
200
300
400
400
400
300
300
400
200
200
300
400
200
300
200
400
200
300
300
400
200
400
300
300
400
400
400
400
300
400
300
600
300
400
300
400
400
300
300
200
300
200
300
300
300
200
200
400
300
200
200
200
300
200
200
300
200
500
300
300
200
200
200
200
200
300
300
300
200
200
200
300
400
300
200
300
200
200
200
300
300
200
200
400
200
300
200
300
200
200
200
300
300
300
300
300
500
300
300
400
200
200
200
300
300
400
200
300
1000
200
300
400
400
500
300
200
300
300
300
300
200
200
200
200
300
300
200
300
200
200
300
500
300
300
200
200
200
300
300
300
300
300
200
300
300
300
200
300
300
200
300
300
300
300
300
300
300
300
500
400
300
500
300
200
300
400
300
300
200
300
300
300
300
300
200
300
400
300
300
300
200
3700
200
300
300
200
300
300
200
300
200
300
300
300
300
300
200
300
300
200
200
200
200
300
200
200
200
300
400
200
200
400
300
300
300
300
500
300
200
300
200
300
300
400
200
400
300
200
9300
400
300
200
300
200
200
200
200
200
200
300
300
300
300
300
300
300
200
300
300
300
400
300
300
300
200
400
300
400
300
300
300
300
200
300
300
300
300
300
300
300
300
300
200
300
300
300
300
300
300
300
300
200
300
300
200
200
200
300
200
300
300
300
200
300
200
300
200
300
200
300
200
200
200
300
200
300
200
600
200
300
300
300
300
300
200
200
300
300
300
400
300
300
300
300
200
300
300
400
300
200
300
200
300
200
300
300
300
300
300
300
300
200
300
400
300
200
300
200
300
600
200
500
300
200
300
300
400
300
200
300
300
300
1600
200
300
300
200
600
300
300
300
300
200
300
300
300
300
200
200
400
300
400
300
400
300
300
400
300
300
200
300
400
300
300
300
300
300
300
200
300
300
300
300
300
300
300
300
300
300
300
300
300
300
400
200
300
400
200
200
300
400
300
300
400
300
300
200
300
300
300
400
400
16300
3000
1000
700
1700
700
800
800
700
700
700
700
900
700
600
1200
600
600
800
700
1000
700
700
900
700
600
800
600
600
800
700
1100
900
700
600
800
600
700
800
900
3900
800
600
800
800
600
700
2600
800
700
800
900
700
800
600
600
4200
1300
1100
1400
800
1400
600
4100
800
700
600
800
700
1100
700
800
700
800
700
800
700
700
700
800
600
700
1000
700
900
700
15600
1000
900
700
800
800
1500
1000
1300
1300
1100
1200
900
2800
900
800
3900
1200
1100
1000
600
700
1000
2200
700
800
800
700
600
700
600
700
30700
2900
1300
1100
1100
1000
600
700
700
2800
800
700
600
700
800
700
600
700
600
700
800
700
700
700
600
800
1100
1000
1300
1000
1100
1100
1000
1100
1100
1100
900
1800
1100
1100
1000
1200
900
1000
1200
1300
1100
1200
1000
1300
1200
1100
1400
1500
3000
1100
1100
6600
1500
1300
1000
1400
2200
1500
1000
1300
1100
1200
1100
1400
1100
1200
1000
1000
1200
1600
1000
1400
1100
1300
1300
1300
1400
1200
1000
1000
1100
1000
1100
1100
1400
1200
1000
1100
1700
1100
1100
1400
1100
1100
1100
1000
1000
1200
1100
1500
1500
1300
1100
1000
1200
1100
1600
1300
1000
1100
1300
1100
1300
1200
1200
1200
1500
1200
1200
1200
1100
1300
1200
1300
1300
1100
1000
1000
1300
22900
14200
1200
1100
1400
1000
1200
1100
1100
1300
1100
1100
1400
1100
1000
1100
1000
1500
1000
1000
900
900
1200
1000
1300
1000
1300
1000
1000
2000
1600
1000
1100
1000
1200
1000
1100
1100
4600
1100
1100
1300
1100
1600
4300
900
1200
1200
1000
7600
1100
4000
1300
1300
1100
1100
1500
1100
5100
1200
1100
1000
1000
1300
5300
1000
1000
1200
5300
1100
1000
1300
1200
1000
1300
1000
1100
5000
1400
1000
1500
1000
5300
1000
1300
900
1100
1100
900
900
1500
1200
900
1200
1100
1100
1000
1000
1100
900
900
900
1400
1200
1000
900
1000
1200
1000
1000
1600
4300
1100
4100
1000
3700
1200
1500
1000
3000
1000
50300
1000
3900
1100
1000
1000
900
900
900
1100
1000
1500
900
1000
1200
1100
1000
900
1300
1400
1000
1100
4700
900
900
1200
900
1000
900
1100
900
900
900
3400
900
1000
1000
900
4400
1000
800
1300
1100
1100
1000
900
1100
900
1200
1200
1100
3400
1100
1000
1100
1300
900
1000
1300
1000
900
1400
1100
1100
900
1000
900
1000
800
900
1200
2000
1100
1100
900
1200
900
1200
1000
1300
900
1100
1000
900
900
1000
1000
1000
900
900
1300
900
1300
1300
4300
1000
800
1100
1100
900
1000
1200
800
1000
1000
1200
1000
1000
1100
1000
1100
1000
800
1100
900
1000
1000
1300
900
1100
900
1000
1100
900
900
1400
800
1300
1200
1000
1100
1100
1100
1200
800
900
1100
1100
800
900
1100
800
1100
900
800
1100
800
1600
800
900
900
900
1200
1200
1100
1000
800
1200
800
900
1100
1000
800
1000
800
900
800
900
1000
800
1000
1300
900
1000
800
1100
800
8000
700
800
900
1000
900
900
800
1100
800
900
1200
1000
1000
800
900
1000
900
1000
800
900
900
1000
800
4300
900
900
800
900
1100
900
900
1200
1300
1000
800
1200
1300
900
800
1100
800
900
800
1000
800
900
1400
900
1400
900
1200
900
1400
900
800
1000
900
1200
700
1100
800
1100
800
1600
800
1100
800
900
800
800
1000
1200
800
900
1000
1100
1000
1000
800
1200
1200
800
1100
1100
900
1100
1000
4500
1000
------------------------------------------------------------------------
BUILD SUCCESS
------------------------------------------------------------------------
Total time:  3.012 s
Finished at: 2022-12-02T22:15:30+05:30
------------------------------------------------------------------------
